1769769362 25
1769771161 24
1769772961 19
1769774762 18
1769776562 20
1769778362 20
1769780161 17
1769781961 15
1769783761 16
1769785561 19
1769787361 21
1769789161 21
1769790961 20
1769792762 19
1769794562 19
1769796361 19
1769798162 17
1769799961 16
1769801762 14
1769803561 16
1769805361 17
1769807161 21
1769808962 23
1769810761 24
1769812562 26
1769814362 28
1769816161 25
1769817962 27
1769819761 28
1769821562 27
1769823362 28
1769825161 30
1769826961 28
1769828761 27
1769830562 27
1769832362 25
1769834162 26
1769835962 27
1769837762 27
1769839561 26
1769841362 26
1769843162 25
1769844961 22
1769846761 21
1769848561 20
1769850361 21
1769852162 18
1769853961 18
