1769747461 : 0 4.4 1.14277
1769747462 : 0 4.4 1.14277
1769747761 : 0 4.3 1.1377
1769748061 : 0 4.1 1.07672
1769748062 : 0 4.1 1.07672
1769748362 : 0 4 1.04742
1769748662 : 0 3.9 1.01641
1769748962 : 0 3.9 1.01216
1769749261 : 0 3.9 1.00441
1769749561 : 0 3.9 1.02105
1769749861 : 0 4.3 1.12337
1769750161 : 0 4.9 1.29256
1769750461 : 0 6.2 1.6328
1769750462 : 0 6.2 1.6328
1769750762 : 0 6.8 1.79295
1769751062 : 0 7 1.84268
1769751362 : 0 7.2 1.88062
1769751662 : 0 7.2 1.88238
1769751961 : 0 7 1.82925
1769752261 : 0 6.3 1.64721
1769752561 : 0 5.6 1.46946
1769752861 : 0 5.2 1.38795
1769753161 : 0 5 1.31854
1769753461 : 0 4.9 1.26948
1769753761 : 0 4.8 1.26667
1769754061 : 0 4.7 1.23779
1769754062 : 0 4.7 1.23779
1769754361 : 0 5 1.30135
1769754661 : 0 5.2 1.34907
1769754662 : 0 5.2 1.34907
1769754961 : 0 5.3 1.40247
1769755261 : 0 5.5 1.4409
1769755561 : 0 5.5 1.44612
1769755861 : 0 5.7 1.48591
1769756161 : 0 5.4 1.43111
1769756162 : 0 5.4 1.43111
1769756461 : 0 5.1 1.33686
1769756761 : 0 4.6 1.21393
1769757061 : 0 4.4 1.14693
1769757062 : 0 4.4 1.14693
1769757362 : 0 6.5 1.70484
1769757661 : 0 4.5 1.17753
1769757961 : 0 4.7 1.23544
1769758261 : 0 4.7 1.22058
1769758561 : 0 4.8 1.25186
1769758861 : 0 5 1.3092
1769758862 : 0 5 1.3092
1769759161 : 0 5.2 1.37435
1769759461 : 0 6.2 1.6324
1769759462 : 0 6.2 1.6324
1769759761 : 0 6.4 1.66911
1769760061 : 0 6.1 1.61619
1769760361 : 0 6 1.55644
1769760661 : 0 5.8 1.52173
1769760961 : 0 5.6 1.48393
1769761261 : 0 5.4 1.42462
1769761561 : 0 5.2 1.35941
1769761562 : 0 5.2 1.35941
1769761861 : 0 5.1 1.33919
1769762161 : 0 5.1 1.32422
1769762461 : 0 5 1.3119
1769762462 : 0 5 1.3119
1769762761 : 0 5.1 1.33575
1769763061 : 0 5.7 1.49574
1769763062 : 0 5.7 1.49574
1769763361 : 0 7.3 1.91175
1769763661 : 0 7 1.84922
1769763961 : 0 6.7 1.75814
1769763962 : 0 6.7 1.75814
1769764262 : 0 6 1.5727
1769764562 : 0 5.7 1.49248
1769764861 : 0 5.4 1.41572
1769765161 : 0 5.1 1.34167
1769765162 : 0 5.1 1.34167
1769765461 : 0 4.8 1.25889
1769765761 : 0 4.7 1.21721
1769766061 : 0 4.6 1.20514
1769766361 : 0 4.5 1.16753
1769766362 : 0 4.5 1.16753
1769766661 : 0 4.4 1.15612
1769766961 : 0 4.4 1.14773
1769767261 : 0 4.5 1.17022
1769767561 : 0 4.5 1.1798
1769767861 : 0 4.9 1.27132
1769768161 : 0 4.7 1.24221
1769768461 : 0 4.7 1.21816
1769768761 : 0 5.2 1.36578
1769768762 : 0 5.2 1.36578
1769769062 : 0 5.5 1.4534
1769769361 : 0 6.5 1.69409
1769769661 : 0 7.7 2.01477
1769769961 : 0 7.3 1.9332
1769769962 : 0 7.3 1.9332
1769770261 : 0 6.6 1.73322
1769770561 : 0 5.6 1.4663
1769770861 : 0 4.7 1.2421
1769771161 : 0 4.3 1.13269
1769771461 : 0 4.1 1.07515
1769771761 : 0 4 1.0418
1769772061 : 0 3.9 1.02557
1769772361 : 0 3.9 1.00825
1769772362 : 0 3.9 1.00825
1769772661 : 0 3.8 0.988111
1769772961 : 0 3.6 0.964086
1769773261 : 0 3.6 0.944346
1769773561 : 0 3.6 0.949
1769773861 : 0 3.6 0.962753
1769773862 : 0 3.6 0.962753
1769774161 : 0 3.6 0.964667
1769774461 : 0 3.8 0.986914
1769774761 : 0 3.9 1.00541
1769775061 : 0 3.6 0.969111
1769775361 : 0 3.6 0.962395
1769775661 : 0 4 1.03126
1769775662 : 0 4 1.03126
1769775961 : 0 4.1 1.0776
1769776261 : 0 4.3 1.11331
1769776561 : 0 4.4 1.13981
1769776861 : 0 4.3 1.13107
1769777161 : 0 4.7 1.22327
1769777461 : 0 4.6 1.20498
1769777761 : 0 4.2 1.09637
1769778061 : 0 4 1.04396
1769778361 : 0 4 1.05506
1769778362 : 0 4 1.05506
1769778661 : 0 4 1.03653
1769778961 : 0 4 1.0454
1769779261 : 0 4.1 1.06733
1769779561 : 0 4.2 1.105
1769779861 : 0 7.3 1.90372
1769780161 : 0 7.3 1.92399
1769780461 : 0 6.2 1.6233
1769780761 : 0 5.4 1.43389
1769781061 : 0 4.8 1.25038
1769781062 : 0 4.8 1.25038
1769781361 : 0 4.5 1.18091
1769781661 : 0 4.3 1.11996
1769781961 : 0 4.1 1.07719
1769782261 : 0 4.2 1.0978
1769782561 : 0 5 1.31772
1769782861 : 0 5.2 1.36544
1769783161 : 0 5.2 1.34547
1769783461 : 0 4.7 1.2354
1769783761 : 0 4.5 1.18363
1769784061 : 0 4.5 1.1874
1769784361 : 0 5 1.29605
1769784661 : 0 5 1.30822
1769784961 : 0 5 1.30442
1769785261 : 0 5.1 1.33736
1769785262 : 0 5.1 1.33736
1769785561 : 0 4.9 1.28615
1769785861 : 0 4.6 1.212
1769786161 : 0 5.1 1.33556
1769786461 : 0 5.2 1.36414
1769786761 : 0 5.2 1.35848
1769787061 : 0 5.2 1.38288
1769787361 : 0 5.3 1.39515
1769787661 : 0 5.5 1.44744
1769787961 : 0 5.5 1.44744
1769787962 : 0 5.5 1.44744
1769788261 : 0 5.5 1.44744
1769788561 : 0 5.5 1.44744
1769788861 : 0 5.5 1.44744
1769789161 : 0 4.8 1.26246
1769789461 : 0 5 1.30316
1769789761 : 0 5.2 1.35675
1769790061 : 0 5.3 1.39863
1769790062 : 0 5.3 1.39863
1769790361 : 0 5.2 1.37983
1769790661 : 0 5.2 1.38544
1769790961 : 0 5.6 1.47523
1769791261 : 0 5.4 1.43285
1769791262 : 0 5.4 1.43285
1769791561 : 0 4.9 1.27658
1769791861 : 0 4.6 1.20537
1769792161 : 0 4.5 1.17946
1769792461 : 0 4.5 1.17893
1769792761 : 0 4.4 1.15564
1769793061 : 0 4.4 1.14404
1769793062 : 0 4.4 1.14404
1769793361 : 0 4.5 1.17086
1769793661 : 0 4.6 1.20021
1769793961 : 0 4.5 1.16565
1769794261 : 0 4.5 1.17233
1769794561 : 0 4.5 1.16416
1769794562 : 0 4.5 1.16416
1769794861 : 0 4.6 1.21546
1769795161 : 0 4.8 1.26516
1769795461 : 0 5 1.3062
1769795761 : 0 4.7 1.23605
1769796061 : 0 4.6 1.20947
1769796361 : 0 4.6 1.21644
1769796661 : 0 4.7 1.23879
1769796961 : 0 5 1.31072
1769797261 : 0 5.1 1.34005
1769797561 : 0 5.1 1.34126
1769797861 : 0 5.1 1.31952
1769797862 : 0 5.1 1.31952
1769798161 : 0 4.9 1.2872
1769798461 : 0 5.5 1.45969
1769798761 : 0 6.7 1.75416
1769798762 : 0 6.7 1.75416
1769799061 : 0 5.6 1.46664
1769799361 : 0 5.2 1.3496
1769799362 : 0 5.2 1.3496
1769799661 : 0 4.7 1.22521
1769799961 : 0 4.8 1.24474
1769800261 : 0 4.6 1.21579
1769800262 : 0 4.6 1.21579
1769800561 : 0 4.4 1.15505
1769800861 : 0 4.3 1.11273
1769801161 : 0 4.7 1.23448
1769801461 : 0 4.4 1.1538
1769801761 : 0 4.3 1.12058
1769801762 : 0 4.3 1.12058
1769802061 : 0 4.4 1.14591
1769802361 : 0 4.4 1.1631
1769802362 : 0 4.4 1.1631
1769802661 : 0 4.4 1.15789
1769802961 : 0 5.9 1.55456
1769803261 : 0 5 1.31752
1769803561 : 0 4.4 1.16223
1769803861 : 0 4.4 1.14132
1769804161 : 0 4.2 1.08595
1769804461 : 0 4.4 1.14843
1769804761 : 0 4.8 1.25606
1769805061 : 0 4.5 1.18846
1769805361 : 0 4.8 1.2443
1769805661 : 0 4.6 1.19941
1769805961 : 0 4.4 1.14268
1769806261 : 0 4 1.05436
1769806262 : 0 4 1.05436
1769806561 : 0 4 1.05138
1769806861 : 0 4.8 1.25394
1769806862 : 0 4.8 1.25394
1769807161 : 0 5.2 1.37648
1769807461 : 0 4.7 1.22441
1769807761 : 0 4.2 1.0897
1769807762 : 0 4.2 1.0897
1769808061 : 0 4.1 1.07074
1769808361 : 0 4 1.02869
1769808661 : 0 4 1.05344
1769808961 : 0 3.9 1.0111
1769808962 : 0 3.9 1.0111
1769809261 : 0 3.8 0.989951
1769809561 : 0 3.8 0.975531
1769809861 : 0 3.9 1.00354
1769809862 : 0 3.9 1.00354
1769810161 : 0 4 1.04083
1769810461 : 0 4.1 1.07811
1769810462 : 0 4.1 1.07811
1769810761 : 0 4.2 1.09648
1769811061 : 0 4.3 1.11691
1769811361 : 0 5.2 1.36543
1769811661 : 0 5 1.29786
1769811961 : 0 4.7 1.21875
1769812261 : 0 4.4 1.14826
1769812561 : 0 4.2 1.09253
1769812562 : 0 4.2 1.09253
1769812861 : 0 4.2 1.10709
1769813161 : 0 4.4 1.14315
1769813162 : 0 4.4 1.14315
1769813461 : 0 4.2 1.09358
1769813761 : 0 4.1 1.07642
1769813762 : 0 4.1 1.07642
1769814062 : 0 4.1 1.07295
1769814361 : 0 4.1 1.05998
1769814661 : 0 4.1 1.06577
1769814662 : 0 4.1 1.06577
1769814962 : 0 4 1.04914
1769815261 : 0 4.1 1.0716
1769815561 : 0 4.5 1.18175
1769815861 : 0 4.5 1.16569
1769815862 : 0 4.5 1.16569
1769816161 : 0 4.3 1.136
1769816461 : 0 5 1.31612
1769816761 : 0 6.2 1.62594
1769817061 : 0 6.2 1.63958
1769817361 : 0 5.3 1.39452
1769817661 : 0 4.8 1.24488
1769817662 : 0 4.8 1.24488
1769817961 : 0 4.8 1.2596
1769818261 : 0 5.7 1.49769
1769818561 : 0 6.2 1.64012
1769818562 : 0 6.2 1.64012
1769818861 : 0 5.7 1.48963
1769819161 : 0 5.2 1.34936
1769819461 : 0 4.8 1.25949
1769819462 : 0 4.8 1.25949
1769819761 : 0 4.6 1.20427
1769820061 : 0 4.5 1.17753
1769820361 : 0 4.8 1.25244
1769820661 : 0 5.4 1.43542
1769820961 : 0 6.6 1.72991
1769821261 : 0 7 1.84698
1769821561 : 0 7.1 1.87454
1769821861 : 0 6.6 1.7452
1769822161 : 0 6.1 1.59827
1769822461 : 0 5.6 1.46723
1769822761 : 0 5.4 1.4163
1769822762 : 0 5.4 1.4163
1769823061 : 0 5.4 1.42319
1769823361 : 0 5.9 1.5324
1769823661 : 0 6.9 1.79425
1769823961 : 0 6.8 1.77812
1769824261 : 0 7.8 2.04528
1769824561 : 0 7 1.83427
1769824861 : 0 6.6 1.73895
1769824862 : 0 6.6 1.73895
1769825161 : 0 6.5 1.70141
1769825461 : 0 6.2 1.62932
1769825761 : 0 5.9 1.54699
1769825762 : 0 5.9 1.54699
1769826061 : 0 5.5 1.44365
1769826361 : 0 6.1 1.61037
1769826661 : 0 6.1 1.61827
1769826961 : 0 6.1 1.6028
1769827261 : 0 6.4 1.66478
1769827561 : 0 6.5 1.70284
1769827861 : 0 6.5 1.69285
1769828161 : 0 8.1 2.11911
1769828162 : 0 8.1 2.11911
1769828462 : 0 9.3 2.44059
1769828761 : 0 9.8 2.57681
1769829061 : 0 8.6 2.25695
1769829361 : 0 8.3 2.1682
1769829661 : 0 9.2 2.41479
1769829662 : 0 9.2 2.41479
1769829961 : 0 8.7 2.27528
1769830261 : 0 7.8 2.05501
1769830262 : 0 7.8 2.05501
1769830562 : 0 7 1.84674
1769830862 : 0 6.5 1.72774
1769831161 : 0 6.5 1.72744
1769831461 : 0 6.6 1.72946
1769831761 : 0 7 1.8503
1769832061 : 0 7.5 1.96507
1769832361 : 0 6.7 1.76931
1769832362 : 0 6.7 1.76931
1769832661 : 0 6 1.59725
1769832961 : 0 6 1.57457
1769832962 : 0 6 1.57457
1769833261 : 0 5.9 1.54654
1769833561 : 0 5.6 1.47751
1769833562 : 0 5.6 1.47751
1769833861 : 0 5.8 1.52144
1769834161 : 0 7.2 1.87836
1769834162 : 0 7.2 1.87836
1769834461 : 0 10.7 2.8313
1769834761 : 0 11.9 3.07262
1769835061 : 0 10.7 2.77135
1769835361 : 0 10.7 2.74231
1769835661 : 0 11.3 2.95799
1769835961 : 0 11.9 3.14741
1769836261 : 0 11.9 3.19963
1769836561 : 0 13.1 3.36977
1769836562 : 0 13.1 3.36977
1769836861 : 0 12.5 3.22793
1769837161 : 0 11.9 3.17441
1769837461 : 0 11.9 3.064
1769837761 : 0 11.3 2.98733
1769838061 : 0 10.7 2.87704
1769838062 : 0 10.7 2.87704
1769838361 : 0 10.7 2.84395
1769838661 : 0 10.7 2.82873
1769838961 : 0 10.7 2.71943
1769839261 : 0 10 2.66268
1769839561 : 0 9.9 2.61179
1769839861 : 0 9.9 2.60638
1769840161 : 0 9.9 2.61412
1769840461 : 0 10 2.64619
1769840761 : 0 9.8 2.57263
1769841061 : 0 9.7 2.53569
1769841361 : 0 9.5 2.48372
1769841362 : 0 9.5 2.48372
1769841661 : 0 9.1 2.38937
1769841961 : 0 8.5 2.24909
1769842261 : 0 8.4 2.20107
1769842561 : 0 8.2 2.14311
1769842861 : 0 8.4 2.19591
1769843161 : 0 8.6 2.26436
1769843461 : 0 8.8 2.31685
1769843761 : 0 9.8 2.57496
1769844061 : 0 9 2.34753
1769844361 : 0 8.6 2.25814
1769844661 : 0 8.5 2.24558
1769844961 : 0 8 2.07801
1769845261 : 0 7.8 2.04798
1769845561 : 0 7.7 2.0191
1769845861 : 0 7.2 1.89285
1769846161 : 0 7.3 1.89704
1769846461 : 0 6.9 1.80133
1769846761 : 0 6.5 1.72663
1769847061 : 0 6.4 1.6682
1769847361 : 0 6.3 1.64796
1769847661 : 0 6.1 1.60295
1769847961 : 0 6 1.57986
1769848261 : 0 6.3 1.65389
1769848561 : 0 7.1 1.87625
1769848861 : 0 8.8 2.32156
1769849161 : 0 9.9 2.5977
1769849461 : 0 10.7 2.7794
1769849761 : 0 9 2.37917
1769849762 : 0 9 2.37917
1769850061 : 0 7.9 2.07285
1769850361 : 0 7.3 1.90685
1769850661 : 0 6.5 1.72781
1769850961 : 0 6.3 1.66165
1769851261 : 0 6.3 1.66215
1769851262 : 0 6.3 1.66215
1769851562 : 0 6.5 1.71585
1769851861 : 0 6.9 1.79601
1769852161 : 0 6.5 1.6894
1769852162 : 0 6.5 1.6894
1769852461 : 0 6.5 1.72378
1769852761 : 0 6.5 1.6899
1769852762 : 0 6.5 1.6899
1769853061 : 0 6.4 1.68521
1769853361 : 0 6.4 1.67817
1769853362 : 0 6.4 1.67817
1769853661 : 0 6.3 1.64485
1769853961 : 0 6.4 1.67311
1769854261 : 0 6 1.56725
1769854561 : 0 5.6 1.46878
1769854861 : 0 5.5 1.45037
1769855161 : 0 5.7 1.49211
1769855162 : 0 5.7 1.49211
1769855461 : 0 5.7 1.50237
