1769765760 1.13 548.5
1769765820 0.97 552.2
1769765880 0.96 549.4
1769765940 1.28 543.4
1769766000 1.29 545.8
1769766060 1.42 547.2
1769766120 1.34 544.9
1769766180 1.08 541.3
1769766240 1.26 536.6
1769766300 1.3 535.1
1769766360 1.35 543.1
1769766420 1.2 544.2
1769766480 1.28 547.5
1769766540 1.26 547.2
1769766600 1.23 549.8
1769766660 1.28 553.6
1769766720 1.23 549.5
1769766780 1.13 546.5
1769766840 1.12 547.1
1769766900 1.09 544.2
1769766960 0.91 549.3
1769767020 1.04 547
1769767080 1.13 543.4
1769767320 1.26 549
1769767380 1.21 549.7
1769767440 1.31 550.4
1769767620 1.11 551.7
1769767680 1.14 552.2
1769767740 1.22 553.4
1769767800 1.24 554
1769767860 1.17 552.7
1769767920 1.26 551.1
1769767980 1.25 546.9
1769768040 1.33 538.3
1769768100 1.23 538.9
1769768160 1.24 542.4
1769768220 1.21 541.1
1769768280 1.07 542.6
1769768340 1.3 538.7
1769768400 1.27 539.6
1769768460 1.09 537.6
1769768520 1.04 535
1769768580 1.2 534.5
1769768640 1.39 533.2
1769768700 1.35 533
1769768760 1.32 530.8
1769768820 1.27 529.8
1769768880 1.23 530.4
1769768940 1.1 530
1769769000 1.11 533.3
1769769060 1.04 535.3
1769769120 1.13 532.7
1769769180 1.11 533.8
1769769240 1.19 533.6
1769769300 1.11 536.5
1769769360 1.19 535.3
1769769420 1.28 534.5
1769769480 1.29 535.1
1769769600 1.14 537.6
1769769660 1.1 538.2
1769769720 1.11 537.7
1769769780 1.4 530.8
1769769840 1.2 537
1769769900 1.04 543.9
1769769960 1.33 532.3
1769770020 1.03 539.7
1769770080 0.94 544.7
1769770140 0.9 544.2
1769770200 0.86 546.1
1769770260 1.07 540.5
1769770320 1.19 539.1
1769770380 0.98 543.4
1769770440 0.79 551
1769770500 0.81 553.1
1769770560 0.81 548.6
1769770620 0.84 551.2
1769770680 1.03 556.3
1769770740 0.88 546.5
1769770800 1.38 530.5
1769770860 1.47 529.4
1769770920 1.4 530.9
1769770980 1.38 528.7
1769771040 1.26 531.5
1769771100 1.13 527.3
1769771160 1.31 528.2
1769771220 1.33 529.5
1769771280 1.3 529.2
1769771340 1.19 530.8
1769771400 1.12 532
1769771460 1.13 531.6
1769771580 1.13 528.2
1769771640 1.11 530.1
1769771700 1.03 537.2
1769771760 0.95 540
1769771820 0.81 539.6
1769771880 0.85 543.5
1769771940 0.92 541.3
1769772000 0.88 546.8
1769772060 0.93 550
1769772120 0.83 547.4
1769772180 0.86 542.1
1769772240 0.89 544.7
1769772300 0.87 550.2
1769772360 0.84 557.5
1769772420 0.79 558.4
1769772480 0.78 556.2
1769772540 0.93 566.3
1769772600 1.02 571
1769772660 0.94 572.1
1769772720 0.77 565.3
1769772780 0.58 555.4
1769772840 0.77 562.7
1769772900 0.72 557.4
1769772960 0.67 555.7
1769773020 0.67 555.9
1769773080 0.72 550.4
1769773140 0.75 548.1
1769773200 0.73 555
1769773260 0.8 553.5
1769773320 1.04 543
1769773380 1.27 533.8
1769773440 1.33 529.5
1769773560 1.37 546.1
1769773620 1.31 546
1769773680 1.03 543.8
1769773740 1.41 529
1769773800 1.3 537.1
1769773860 1.16 539.7
1769773920 1.12 542.4
1769773980 1.12 545.5
1769774040 1.12 546.1
1769774100 1.38 555.2
1769774160 1.32 553
1769774220 1.29 553.7
1769774280 1.3 554.4
1769774340 1.15 555.4
1769774400 0.89 558.8
1769774460 0.85 559.5
1769774520 0.93 558.9
1769774580 1.12 556.5
1769774640 1.25 553.5
1769774700 1.48 548.7
1769774760 1.36 550.1
1769774820 0.95 559.7
1769774880 0.97 543.5
1769774940 0.89 540.3
1769775000 1.16 540.1
1769775060 1.18 545.4
1769775120 1.26 538.1
1769775180 1.33 534.8
1769775240 1.3 559.9
1769775300 1.32 579.6
1769775360 1.29 568.3
1769775420 1.08 559.6
1769775540 1.28 548.9
1769775600 1.29 548.1
1769775660 1.34 539.6
1769775720 1.39 558.3
1769775780 0.83 560.9
1769775840 0.55 539.1
1769775900 1.04 549.7
1769775960 0.99 566.1
1769776020 1.3 577.9
1769776080 0.9 539.1
1769776140 1 533.4
1769776200 1.46 556.4
1769776260 1.38 552.4
1769776320 1.19 544.6
1769776380 1.33 555.4
1769776440 1.37 550.3
1769776500 1.25 547.2
1769776560 0.45 514.5
1769776620 1.31 546.1
1769776680 1.36 564.7
1769776740 1.78 566.6
1769776800 0.89 534.1
1769776860 1.18 539.4
1769776920 1.4 540.9
1769776980 0.86 525.5
1769777040 1.01 537.5
1769777100 1.1 541.9
1769777160 0.99 536.7
1769777220 0.78 523.7
1769777280 0.8 517.8
1769777340 1.48 543.2
1769777400 1.28 541.7
1769777460 0.73 537.1
1769777520 0.86 541.6
1769777580 0.86 541.3
1769777640 0.94 524.9
1769777700 0.42 513.5
1769777760 1.19 537.7
1769777820 0.89 545
1769777880 0.86 547.1
1769777940 0.49 524.7
1769778000 0.62 554.7
1769778060 0.89 556.4
1769778120 0.91 541.5
1769778180 0.66 541.5
1769778240 0.6 541.4
1769778300 0.9 554.3
1769778360 0.7 554.7
1769778420 0.74 551.5
1769778480 1.04 557.8
1769778540 0.91 537.3
1769778600 0.59 542.6
1769778660 0.46 509.1
1769778720 0.82 570.9
1769778780 0.73 559.1
1769778840 0.81 553.9
1769778900 0.71 547.6
1769778960 0.8 549.9
1769779020 0.93 541.6
1769779080 0.78 525.3
1769779140 0.81 526.8
1769779200 1.1 539.3
1769779260 1.14 537.5
1769779320 1.2 526.9
1769779380 0.86 510.5
1769779440 1.25 538.4
1769779560 1.7 547.8
1769779620 0.92 521.9
1769779680 1.47 527.8
1769779740 1.18 525
1769779800 0.88 519.3
1769779860 1.51 535.3
1769779920 1.6 536.2
1769779980 1.32 529.6
1769780040 1.02 520.2
1769780100 1.07 522.7
1769780160 1.49 534.1
1769780220 1.53 526.4
1769780280 1.47 522.6
1769780340 1.62 522.1
1769780400 1.37 518.9
1769780460 1.44 520.4
1769780520 0.58 508.3
1769780580 1.74 528.8
1769780640 1.86 530.8
1769780700 1.46 525.9
1769780760 0.73 507.9
1769780820 1.12 522.8
1769780880 1.39 538.3
1769780940 1.38 542
1769781000 1.42 532.6
1769781060 1.39 526.2
1769781120 1.34 517.8
1769781180 1.11 515.8
1769781240 0.8 514.2
1769781300 1.74 534.9
1769781360 1.82 534.7
1769781420 1.59 537.6
1769781540 2.14 555.8
1769781600 1.42 526
1769781660 0.72 523.3
1769781720 1.8 538
1769781780 1.62 530.2
1769781840 1.2 532.5
1769781900 1.32 541.2
1769781960 1.59 550.8
1769782020 1.66 553.4
1769782080 1.7 551.2
1769782140 1.71 551.9
1769782200 1.47 537
1769782260 1.57 546.4
1769782320 1.05 538.7
1769782380 0.54 519.1
1769782440 1.27 553.6
1769782500 1.49 532.3
1769782560 1.19 526.4
1769782620 0.57 503.7
1769782680 1.53 526.3
1769782740 1.78 532.6
1769782800 1.57 531.6
1769782860 1.53 526.1
1769782920 1.52 524.3
1769782980 1.38 524.8
1769783040 1.32 521.8
1769783100 1.36 521.8
1769783160 1.22 519.6
1769783220 1.23 519.6
1769783280 1.48 532.9
1769783340 0.44 494.6
1769783400 1.44 526.3
1769783580 1.27 523.4
1769783640 1.2 521.8
1769783700 1.19 525.3
1769783760 0.73 509.3
1769783820 1.29 524.7
1769783880 1.91 542
1769783940 1.7 533.9
1769784000 1.15 519.7
1769784060 0.85 514.6
1769784120 1.84 543.7
1769784180 1.63 532.5
1769784240 1.17 524.3
1769784300 1.03 525.5
1769784360 1.12 529.8
1769784420 1.13 533.5
1769784480 0.99 531.1
1769784540 0.97 537.6
1769784600 1 533.1
1769784660 1.19 531.8
1769784720 0.83 510.9
1769784780 1.28 525.4
1769784840 1.83 543.1
1769784900 1.66 533.4
1769784960 1.5 527.2
1769785020 1.55 526.7
1769785080 1.51 524.9
1769785140 1.2 518.8
1769785200 10.54 499.9
1769785260 118.5 555.8
1769785320 1.05 527
1769785380 1.33 534.8
1769785440 1.35 535.2
1769785560 1.06 525.2
1769785620 1.15 522.1
1769785680 1.65 536.9
1769785740 1.55 534.4
1769785800 1.38 526.5
1769785860 1.07 517.4
1769785920 0.76 516
1769785980 1.33 540
1769786040 1.13 528.3
1769786100 1.07 522.5
1769786160 0.59 503.1
1769786220 1.48 539.4
1769786280 1.47 531.4
1769786340 1.7 533.4
1769786400 1.51 516.6
1769786460 1.03 519.5
1769786520 2.31 531.9
1769786580 1.15 511.6
1769786640 1.08 508.4
1769786700 1.48 515.7
1769786760 1.25 533.4
1769786820 0.89 537.8
1769786880 0.98 538.6
1769786940 1.5 580.1
1769787000 1.51 600.8
1769787060 1.6 604.4
1769787120 1.41 603.1
1769787180 1.29 589.9
1769787240 1.11 587.2
1769787300 0.62 544.7
1769787360 1.28 587.4
1769787420 1.37 593.4
1769787480 1.07 570.6
1769787540 1.24 580.7
1769787600 1.47 601.6
1769787660 1.45 602.7
1769787720 1.27 582.3
1769787780 1.31 584.1
1769787840 1.63 614.4
1769787900 1.77 620.2
1769787960 1.36 586.8
1769788020 1.23 558.8
1769788080 1.7 613.9
1769788140 1.88 591.2
1769788200 1.12 515.6
1769788260 0.67 499.1
1769788320 1.26 524.7
1769788380 1.39 533.9
1769788440 0.88 507.1
1769788500 1.14 519.2
1769788560 1.49 524.9
1769788620 1.53 519.4
1769788680 0.98 506.8
1769788800 1.45 521
1769788860 1.5 520.6
1769788920 1.54 516.6
1769788980 1.28 506.1
1769789040 1.33 511.1
1769789100 1.3 519.6
1769789160 1.26 512.7
1769789220 1.88 528.6
1769789280 1.72 516.1
1769789340 1.49 516.7
1769789400 1.44 517.2
1769789460 1.49 514.8
1769789520 1.33 512.8
1769789580 1.23 515.3
1769789640 1.27 518.9
1769789700 1.31 516.6
1769789760 1.25 517.3
1769789820 1.15 524.1
1769789880 1.13 523.7
1769789940 1.34 538.7
1769790000 1.51 538.3
1769790060 1.39 531.9
1769790120 1.04 517.6
1769790180 1.23 527.7
1769790240 1.29 526.2
1769790300 1.12 521.1
1769790360 1.22 523.5
1769790420 1.08 519.7
1769790480 1.1 518.9
1769790540 0.73 504.5
1769790600 0.87 506.3
1769790660 1.35 521.9
1769790720 1.3 520
1769790780 1.27 514.6
1769790840 1.23 514.4
1769790900 1.49 525.2
1769790960 1.41 527.1
1769791020 1.4 510.9
1769791080 1.53 513.2
1769791140 1.34 511.5
1769791200 1.15 519.9
1769791260 0.55 496.2
1769791320 1.24 521.6
1769791380 1.51 531.9
1769791440 1.61 529.8
1769791500 1.03 508.7
1769791560 1.05 505.8
1769791620 1.55 521.1
1769791680 1.25 517.7
1769791740 0.86 512.3
1769791800 1.18 515.4
1769791860 1.28 518.3
1769791920 1.19 517.1
1769791980 0.44 492.5
1769792040 1.29 519.8
1769792100 1.49 525.7
1769792160 1.19 510.5
1769792220 0.68 497.1
1769792280 1.39 513.5
1769792340 1.67 519
1769792400 1.3 510.4
1769792460 1.37 513.7
1769792520 1.56 520.9
1769792580 1.39 517.9
1769792640 0.96 505.3
1769792700 0.65 496.7
1769792760 1.42 513.6
1769792820 1.64 517
1769792880 1.32 520.8
1769792940 0.55 500.8
1769793000 1.73 534.1
1769793060 1.39 524.3
1769793120 0.9 501.7
1769793180 1.45 514
1769793240 1.36 514.7
1769793300 1.2 512.3
1769793360 1.17 511.6
1769793420 1.62 519.7
1769793480 1.46 513.4
1769793540 1.34 511.1
1769793600 1.18 511.3
1769793660 0.99 507.2
1769793720 1.61 525.4
1769793780 1.49 520
1769793840 0.98 503.4
1769793900 2.08 529.9
1769793960 1.6 517.3
1769794020 1.42 512.3
1769794080 0.74 490.5
1769794140 1.64 525.3
1769794200 1.58 519.3
1769794260 1.59 516
1769794320 0.99 499.6
1769794380 1.09 505.6
1769794440 1.62 521.8
1769794500 1.42 516.1
1769794560 1.25 510
1769794620 1.66 519.3
1769794680 1.32 514.6
1769794740 1.14 510.3
1769794800 0.83 498.7
1769794860 1.82 528
1769794920 1.71 525.1
1769794980 1.62 512
1769795040 1.3 503.3
1769795100 1.73 512.3
1769795160 1.53 506.2
1769795220 0.87 494.3
1769795280 1.52 504.3
1769795340 2.09 513.2
1769795520 1.2 494.1
1769795580 1.92 509.9
1769795640 1.58 507.3
1769795700 1.47 503.7
1769795760 1.58 508.9
1769795820 1.44 503.8
1769795880 1.43 502
1769795940 0.67 488.9
1769796000 1.91 517.9
1769796060 1.55 507.3
1769796120 1.56 516.7
1769796180 0.87 498.3
1769796240 1.37 511.9
1769796300 1.76 521.6
1769796360 1.52 516.2
1769796420 1.42 510
1769796480 1.49 504.8
1769796540 1.47 507.2
1769796600 1.16 501.3
1769796660 0.74 495
1769796720 1.82 511.5
1769796780 1.89 510.6
1769796840 1.62 503.4
1769796900 0.68 493.5
1769796960 2.05 514.1
1769797020 1.75 509.4
1769797080 1.61 505
1769797140 1.7 505.7
1769797200 1.71 506.2
1769797260 1.61 506.1
1769797320 1.56 506.2
1769797380 1.31 496.6
1769797440 1.35 498.5
1769797500 1.46 503.7
1769797560 1.41 504.3
1769797620 1.02 494.9
1769797680 1.95 509.5
1769797740 1.66 505.2
1769797800 1.5 500.7
1769797860 1.98 509.3
1769797920 1.77 511.6
1769797980 1.48 503.9
1769798040 1.43 494.5
1769798100 2 507.2
1769798160 2.08 512.1
1769798220 1.74 507.9
1769798280 1.29 498.1
1769798340 1.41 497.4
1769798400 1.88 506.5
1769798460 1.57 500.9
1769798520 1.38 495.9
1769798580 1.85 507.8
1769798640 1.64 501.4
1769798700 1.27 500.2
1769798760 0.71 486.8
1769798820 1.95 507.5
1769798880 2.06 505.8
1769798940 1.82 502.2
1769799000 1.68 496.8
1769799060 1.73 498.8
1769799120 1.79 500.5
1769799180 1.49 495.4
1769799240 1.44 493.6
1769799300 1.65 496
1769799360 1.64 500.8
1769799480 0.96 486.9
1769799540 2.08 513.1
1769799600 1.77 498.3
1769799660 1.73 490.7
1769799720 1.8 494.8
1769799780 1.89 500.8
1769799840 1.69 492.8
1769799900 1.02 487.8
1769799960 1.54 490.7
1769800020 1.99 498.6
1769800080 1.51 494.9
1769800140 1.19 485
1769800200 1.76 495
1769800260 2.17 505.1
1769800320 2.04 498.2
1769800380 2.05 497.7
1769800440 1.69 493.1
1769800500 1.86 495.8
1769800560 1.6 492.3
1769800620 0.91 482.3
1769800680 2.17 494.9
1769800740 1.59 491
1769800800 1.74 498.2
1769800860 1.07 488.4
1769800920 2.03 504.4
1769800980 1.86 504
1769801040 1.8 505.8
1769801100 1.84 500.6
1769801160 1.71 494.5
1769801220 1.61 494.4
1769801280 1.56 493.3
1769801340 1.67 495.4
1769801400 1.65 494.2
1769801460 1.63 490.9
1769801520 1.74 496.3
1769801580 0.8 480.6
1769801640 1.56 490
1769801700 2.03 501.7
1769801760 1.8 492.9
1769801820 1.76 489.5
1769801880 1.73 492.2
1769801940 1.63 491.8
1769802000 1.08 489.6
1769802060 1.53 497.5
1769802120 2 499.8
1769802180 1.77 493.1
1769802240 1.69 491.8
1769802300 1.91 495.7
1769802360 2.31 501.7
1769802420 1.91 498.1
1769802480 1.74 492.3
1769802540 2.16 503.9
1769802600 1.71 493.2
1769802660 1.57 498.9
1769802720 0.86 479.9
1769802780 1.94 495.4
1769802840 1.99 495.6
1769802900 2 500.3
1769802960 1.39 489.6
1769803020 1.67 491.7
1769803080 2.06 496.3
1769803140 1.52 488.6
1769803200 1.48 489.5
1769803260 2.34 500.6
1769803440 0.62 478.1
1769803500 1.98 500.4
1769803560 2.38 498.9
1769803620 1.95 498.6
1769803680 0.94 479.4
1769803740 2.19 500.3
1769803800 2 494.5
1769803860 1.3 484.2
1769803920 1.85 491
1769803980 2.25 498
1769804040 1.9 495.9
1769804100 1.22 488.3
1769804160 1.38 489.9
1769804220 2.5 503.5
1769804280 2.01 499.7
1769804340 1.82 493.8
1769804400 1.64 489.1
1769804460 2.07 502.8
1769804520 1.63 494.1
1769804580 1.15 482.3
1769804640 2.09 498.4
1769804700 1.78 491
1769804760 1.71 493.9
1769804820 1.14 482.8
1769804880 1.94 496.4
1769804940 2.33 505.2
1769805000 1.95 498.3
1769805060 1.81 496.1
1769805120 1.85 499
1769805180 1.8 497.2
1769805240 1.68 493.5
1769805300 2.04 507.1
1769805360 1.95 505.2
1769805420 1.02 484
1769805480 1.98 512
1769805540 0.92 475.1
1769805600 1.92 503.4
1769805660 2.25 506.5
1769805720 2 499.5
1769805780 2.13 503.1
1769805840 1.69 501.2
1769805900 1.52 497
1769805960 1.77 495.1
1769806020 2.05 498.4
1769806080 2.16 501.8
1769806140 1.94 497.5
1769806200 1.88 498
1769806260 1.79 497.6
1769806320 2.13 513.3
1769806380 2.1 506.1
1769806440 1.8 502.2
1769806500 2.25 502.5
1769806560 1.76 489.2
1769806620 1.76 495.8
1769806680 1.82 496.9
1769806740 2.41 506.5
1769806800 2.09 500.3
1769806860 1.93 497.4
1769806920 2 497
1769806980 2.19 496
1769807040 2.53 499.6
1769807100 2.2 497
1769807160 1.73 491.9
1769807220 1.77 493.1
1769807280 1.72 492.9
1769807340 1.71 492.7
1769807400 1.3 486
1769807460 2.42 500.2
1769807520 1.69 488.6
1769807580 2.1 490
1769807640 1.16 483
1769807700 1.8 492.3
1769807760 2.2 496.7
1769807820 1.75 488.1
1769807880 1.6 485.9
1769807940 1.88 491
1769808000 1.84 490.6
1769808060 1.29 486.7
1769808120 0.86 484.2
1769808180 2.03 490.8
1769808240 2.25 492.3
1769808300 1.97 494.6
1769808360 1.32 485.9
1769808420 2.37 496.9
1769808480 2.1 497.1
1769808540 1.66 487.8
1769808600 1.75 497.9
1769808660 2 500.4
1769808720 1.88 498.7
1769808780 1.62 487.1
1769808840 1.4 488.8
1769808900 1.31 496.7
1769808960 1.66 498.1
1769809020 2 504.6
1769809080 1.59 493
1769809140 1.88 499.2
1769809200 1.98 501.7
1769809320 2.17 513.5
1769809380 1.78 502.4
1769809440 1.66 504.2
1769809500 0.86 481
1769809560 1.53 494.4
1769809620 2.16 503.7
1769809680 1.91 500.7
1769809740 1.82 503.3
1769809800 1.91 504.2
1769809860 1.77 500
1769809920 1.35 492.1
1769809980 1.31 485.1
1769810040 2.44 501.1
1769810100 1.84 498.9
1769810160 1.88 497.1
1769810220 1.02 479
1769810280 2.69 509.9
1769810400 2.04 491.8
1769810460 2.13 490.9
1769810520 2.3 497.7
1769810580 2.09 493.6
1769810640 1.29 486.6
1769810700 1.03 495.4
1769810760 1.16 501.5
1769810820 1.22 499.5
1769810880 1.2 495.4
1769810940 1.3 487.5
1769811000 1.91 498.1
1769811060 1.61 505.4
1769811120 1.62 501.1
1769811180 1.89 488.4
1769811300 1.8 493.4
1769811360 0.96 473.9
1769811420 2.53 495.6
1769811480 2.13 487.6
1769811540 2.08 486.9
1769811600 1.42 480.3
1769811660 1.47 482.2
1769811720 2.14 491.4
1769811780 2.17 491.8
1769811840 1.92 488.2
1769811900 2.05 489.3
1769811960 1.95 487.8
1769812020 1.7 486.9
1769812080 0.8 475.2
1769812140 3 498.8
1769812200 1.94 485.7
1769812260 2.2 486.6
1769812320 1.35 480.3
1769812380 2.41 490.2
1769812440 2.28 489
1769812500 1.98 483
1769812560 1.89 483.2
1769812620 1.96 483.5
1769812680 1.79 482.8
1769812740 1.73 482.8
1769812800 1.99 482.7
1769812860 2.02 483.4
1769812920 2.04 482.8
1769812980 1.98 482.9
1769813040 2.05 482
1769813100 1.96 483.7
1769813160 1.94 483.2
1769813280 1.96 485.4
1769813340 1.93 484.1
1769813400 1.83 488.1
1769813460 1.93 488.9
1769813520 2.03 488.3
1769813580 2.04 488.9
1769813640 2 489.4
1769813700 2.05 489.3
1769813760 2.1 488.6
1769813820 2.03 486.8
1769813880 2 486.6
1769813940 2 487.5
1769814000 1.96 487.8
1769814060 1.97 488.3
1769814120 1.85 488.3
1769814180 1.88 488.1
1769814240 2.02 485.9
1769814300 1.92 487.2
1769814360 1.98 486.9
1769814420 1.88 488.6
1769814480 1.65 492.2
1769814540 1.66 491.8
1769814600 1.7 490.6
1769814660 1.73 490.5
1769814720 1.85 489.1
1769814780 1.8 488.3
1769814840 1.64 489
1769814900 1.69 488.3
1769814960 1.62 489.6
1769815020 1.78 488.3
1769815080 1.65 487.7
1769815140 1.76 487.3
1769815200 1.77 487.3
1769815260 1.79 486.9
1769815320 1.75 489.3
1769815380 1.77 490.1
1769815440 1.84 488.9
1769815500 1.68 489.5
1769815560 1.67 489.6
1769815620 1.71 489.2
1769815680 1.62 489.8
1769815740 1.77 488.6
1769815800 1.73 489.3
1769815860 1.62 492
1769815920 1.54 492.4
1769815980 1.95 487.8
1769816040 2.01 488.9
1769816100 1.41 497.4
1769816160 1.25 510.9
1769816220 1.09 517.6
1769816280 1.09 515.3
1769816340 1.12 514.5
1769816400 1.09 517.9
1769816460 1.11 513.6
1769816520 1.44 498.5
1769816580 1.82 488.5
1769816640 1.83 487.5
1769816700 1.79 481.7
1769816760 2.03 477.1
1769816820 1.88 477.5
1769816880 1.86 480.7
1769816940 1.76 482.2
1769817000 1.9 483.2
1769817060 1.9 486.5
1769817120 1.84 490.1
1769817180 1.84 490.6
1769817240 2.11 488.5
1769817300 2.12 485.4
1769817360 1.78 484.6
1769817420 1.8 481.5
1769817480 1.93 478.6
1769817540 1.94 477.4
1769817600 1.99 476.1
1769817660 1.93 475.8
1769817720 2.02 474.9
1769817780 1.92 476.6
1769817840 2.04 476
1769817900 1.85 476.5
1769817960 1.98 476.4
1769818020 1.88 478.1
1769818080 1.69 476.8
1769818140 1.83 475.8
1769818200 2.02 474
1769818260 2.01 475.7
1769818320 2.08 475.9
1769818380 2.05 475.3
1769818440 2.04 474.8
1769818500 2.05 474.9
1769818560 2.04 475.8
1769818620 2.14 476.5
1769818680 2.08 477.1
1769818740 1.98 474.4
1769818800 1.46 477.6
1769818860 1.96 474.1
1769818920 1.86 474.8
1769818980 1.96 474.7
1769819040 1.88 474.5
1769819100 1.98 472.4
1769819160 2 471.9
1769819220 2.03 471.6
1769819280 1.94 471.8
1769819340 2 471.9
1769819400 2.04 472.4
1769819460 1.86 472.4
1769819520 1.76 471.8
1769819580 1.94 471.4
1769819640 2.06 470.6
1769819700 1.92 471.9
1769819760 2.04 470.8
1769819820 1.89 470.8
1769819880 2.06 470.3
1769819940 1.82 471.3
1769820000 2.04 470.7
1769820060 1.94 471.2
1769820120 2.01 470.3
1769820180 1.85 470.8
1769820240 1.98 470.4
1769820300 1.99 469.5
1769820360 2 469.2
1769820420 2.07 470.7
1769820480 2.06 472.8
1769820540 2.11 473.1
1769820600 2 473.3
1769820660 2.09 471.2
1769820720 2.04 473.3
1769820780 1.95 471.5
1769820840 1.92 471
1769820900 2.06 472
1769820960 1.88 473.8
1769821020 1.91 472
1769821080 1.9 471.6
1769821140 1.89 471.5
1769821200 1.96 469.2
1769821260 1.87 469.5
1769821320 1.89 468.7
1769821380 1.94 468.3
1769821440 1.97 469
1769821500 2.04 470
1769821560 1.87 472.2
1769821620 1.94 470.1
1769821680 1.91 471.6
1769821740 1.93 469.7
1769821800 1.82 470.1
1769821860 2.03 467.7
1769821920 1.91 467.3
1769821980 2 468.1
1769822040 1.78 467.9
1769822100 1.93 467.8
1769822160 1.96 467.6
1769822220 2.01 467.6
1769822280 1.99 468.6
1769822340 1.93 469.5
1769822400 1.93 469.5
1769822460 1.88 469.3
1769822520 1.96 469.2
1769822580 1.84 470.6
1769822640 1.89 470.4
1769822700 1.75 471.1
1769822760 1.61 469.5
1769822820 1.84 469.8
1769822880 2.02 467.5
1769822940 1.92 468
1769823000 1.94 467.1
1769823060 1.87 467.2
1769823120 1.83 467.4
1769823180 1.98 466.9
1769823240 1.91 467
1769823300 1.88 467.1
1769823360 1.87 467
1769823420 1.71 467.1
1769823480 1.67 468.2
1769823540 1.88 467.4
1769823600 1.92 467.7
1769823660 1.85 467.4
1769823720 2.03 466.8
1769823780 1.93 470.1
1769823840 2.05 468.2
1769823900 1.78 468.6
1769823960 1.9 468.7
1769824020 1.93 468.8
1769824080 1.99 469.4
1769824140 1.83 469.9
1769824200 1.84 468.4
1769824260 1.93 468.3
1769824320 1.9 469.1
1769824380 2.03 466.6
1769824440 1.91 466.7
1769824500 1.99 466.8
1769824560 1.89 465.6
1769824620 1.95 467.7
1769824680 1.82 466.5
1769824740 1.93 466.2
1769824800 1.85 467.4
1769824860 1.87 470.2
1769824920 1.95 469.6
1769824980 2.1 469.1
1769825040 1.97 470
1769825100 1.85 470.6
1769825160 2.12 468.4
1769825220 2.06 468.1
1769825280 1.95 467.2
1769825340 1.92 466.7
1769825400 1.95 468.3
1769825460 1.92 469.5
1769825520 1.84 467.5
1769825580 1.78 468.1
1769825640 1.91 468.7
1769825700 2.09 467.6
1769825760 1.88 468.6
1769825820 1.84 469.2
1769825880 1.8 469.2
1769825940 1.76 470.3
1769826000 1.73 468
1769826060 1.9 467.3
1769826120 1.93 468.9
1769826180 1.83 469.6
1769826240 1.81 469.5
1769826300 1.75 469.7
1769826360 1.75 470
1769826420 1.67 470.2
1769826480 1.7 469.9
1769826540 1.57 472.9
1769826600 1.76 469.3
1769826660 1.47 472.2
1769826720 1.3 472.8
1769826780 1.26 475.3
1769826840 1.72 469
1769826900 1.79 467.1
1769826960 1.62 469
1769827020 1.73 467.5
1769827080 1.89 465.3
1769827140 1.97 464.9
1769827200 1.9 464.8
1769827260 1.81 464.4
1769827320 1.89 464
1769827380 1.79 464.5
1769827440 1.62 463.2
1769827500 1.27 465.5
1769827560 2.01 464.7
1769827620 1.91 463.9
1769827680 2.07 464.1
1769827740 1.95 465.9
1769827800 1.94 466.4
1769827860 1.91 469.8
1769827920 1.9 468.2
1769827980 1.88 465.7
1769828040 1.88 465.5
1769828100 1.84 465.8
1769828160 1.83 467.2
1769828220 1.92 468.5
1769828280 1.86 465.3
1769828340 1.87 463.5
1769828400 1.82 463.1
1769828460 1.95 462.8
1769828520 1.75 461.5
1769828580 1.86 462.3
1769828640 1.82 461.5
1769828700 1.89 461.4
1769828760 1.92 461
1769828820 1.72 463.6
1769828880 1.8 463.2
1769828940 1.89 462.1
1769829000 1.85 461.6
1769829060 1.84 461.1
1769829120 1.86 460.9
1769829180 1.87 460.7
1769829240 1.85 461.5
1769829300 1.77 466.2
1769829360 1.76 462.8
1769829420 1.96 462.5
1769829480 1.75 459
1769829540 1.58 461.8
1769829600 1.79 460
1769829660 1.83 460.5
1769829720 1.81 460.3
1769829780 1.9 460.8
1769829840 1.89 460
1769829900 1.87 459.8
1769829960 1.82 460.1
1769830020 1.85 460.3
1769830080 1.92 460.5
1769830140 1.87 460.4
1769830200 1.87 461.1
1769830260 1.65 461.4
1769830320 1.8 460.9
1769830380 1.79 459.9
1769830440 1.85 461.6
1769830500 1.84 461.5
1769830560 1.98 462.8
1769830620 1.86 460.7
1769830680 1.9 460
1769830740 1.85 459.4
1769830800 1.85 459.8
1769830860 1.86 460.4
1769830920 1.74 461
1769830980 1.66 460.2
1769831040 1.72 458.2
1769831160 1.74 459
1769831220 1.75 459.2
1769831280 1.83 460.1
1769831340 1.79 459.9
1769831400 1.46 461
1769831460 1.72 460.3
1769831520 1.84 461.5
1769831580 1.8 459.5
1769831640 1.89 460.5
1769831700 1.9 461
1769831760 1.88 460.9
1769831820 1.85 460.5
1769831880 1.91 461
1769832000 1.97 461.8
1769832060 1.86 461.3
1769832120 1.67 460.4
1769832180 1.99 462
1769832240 1.91 461.2
1769832300 2.04 462.2
1769832360 1.87 461
1769832420 1.84 461.5
1769832480 1.76 459.5
1769832540 1.91 461
1769832600 1.9 459.2
1769832660 1.94 459.5
1769832720 1.92 461.1
1769832780 1.76 460.3
1769832840 1.77 459.8
1769832900 1.83 461.4
1769832960 1.82 462.1
1769833020 1.95 461.2
1769833080 1.94 464.3
1769833140 1.95 464.1
1769833200 2.01 463.3
1769833260 1.85 460.8
1769833320 1.79 461.4
1769833380 1.97 461
1769833440 2.06 459.3
1769833500 1.62 460.9
1769833560 1.93 460
1769833620 1.87 458.9
1769833680 1.89 459.1
1769833740 1.99 459.3
1769833800 1.97 459.7
1769833860 1.92 459.1
1769833920 1.96 457.6
1769833980 2.01 458.3
1769834040 1.97 458.9
1769834100 2.06 457.7
1769834160 1.92 459.3
1769834220 1.76 460.5
1769834280 1.83 457.9
1769834340 1.95 459.4
1769834400 1.84 461.9
1769834460 1.95 461.6
1769834520 1.68 466.7
1769834580 1.89 466.6
1769834640 1.64 465.1
1769834700 1.54 461.9
1769834760 1.64 464.7
1769834820 1.61 470
1769834880 1.62 468.5
1769834940 1.83 465.7
1769835000 2.22 464.6
1769835060 2.21 464.1
1769835120 2.19 464.3
1769835180 1.91 466.6
1769835240 2.25 464.1
1769835300 2.07 466.4
1769835360 2.14 465.4
1769835420 1.55 471.6
1769835480 1.7 467
1769835540 1.6 468.7
1769835600 1.71 469.3
1769835660 1.91 466.9
1769835720 1.87 467.8
1769835780 1.86 466.9
1769835840 2.17 468.9
1769835900 2.22 476.7
1769835960 1.65 465.4
1769836020 1.96 467
1769836080 1.58 465.1
1769836140 2.31 462.2
1769836200 2.12 458.9
1769836260 2.11 459.4
1769836320 1.95 461.3
1769836380 2.1 458.6
1769836440 2.13 456.6
1769836500 1.83 464.8
1769836560 1.89 477.3
1769836620 2.19 474.4
1769836680 2.24 466.9
1769836740 2.05 465.4
1769836800 1.94 464.4
1769836860 1.9 469.5
1769836920 1.74 482
1769836980 1.52 479.5
1769837040 2.19 465
1769837100 2.19 465
1769837160 1.97 468
1769837220 1.97 465.4
1769837280 2 464.1
1769837340 1.99 465.9
1769837400 2.03 466
1769837460 1.93 465.8
1769837520 1.94 465
1769837580 2 462.2
1769837640 2.01 461.4
1769837700 2 461.5
1769837760 2.05 459.5
1769837820 2.16 458.6
1769837880 2.06 461.5
1769837940 1.74 466.6
1769838000 1.93 466.2
1769838060 1.72 466.8
1769838120 2.03 467.6
1769838180 1.71 455.6
1769838240 2.06 455.6
1769838300 2.26 456.6
1769838360 2.13 459.9
1769838420 1.98 461
1769838480 2 460.4
1769838540 1.97 458
1769838600 1.95 456.5
1769838660 1.98 456.7
1769838720 1.98 456.9
1769838780 1.98 457.1
1769838840 1.83 456.5
1769838900 1.79 456.3
1769838960 1.93 455.6
1769839080 2.03 457.2
1769839140 1.97 454.2
1769839200 1.94 454.6
1769839260 1.92 453.4
1769839320 1.92 455.4
1769839380 1.88 454.4
1769839440 1.9 454.2
1769839500 1.9 453.4
1769839560 1.69 454.1
1769839620 1.67 454.7
1769839680 1.92 453.5
1769839740 1.92 453.4
1769839800 1.92 452.7
1769839860 1.86 454.8
1769839920 1.9 452.8
1769839980 1.94 453.9
1769840040 1.92 453.1
1769840100 1.9 454.1
1769840160 1.89 453
1769840220 1.93 454.1
1769840280 1.73 456.3
1769840340 1.95 457
1769840400 2 455.9
1769840460 1.97 455.9
1769840520 2.01 456.9
1769840580 2.03 457.5
1769840640 2.05 456.9
1769840700 2.03 454.7
1769840760 2 453.3
1769840820 1.97 453.8
1769840880 2.09 454.1
1769840940 2.03 454.4
1769841060 1.94 456.3
1769841120 2.02 457.1
1769841180 2.05 456.2
1769841240 2.02 457.2
1769841300 2.08 455.7
1769841360 2.03 455.6
1769841420 1.91 454.3
1769841480 1.93 454.1
1769841540 1.91 455.2
1769841600 1.84 454.5
1769841660 1.95 454.4
1769841720 1.95 455.2
1769841780 2.01 454.9
1769841840 2 454.8
1769841900 1.93 457.6
1769841960 1.92 453.6
1769842020 1.95 458.4
1769842080 1.94 455.8
1769842140 1.93 452.2
1769842200 1.96 451.6
1769842260 1.98 453.1
1769842320 1.98 453
1769842380 1.97 453.3
1769842440 1.96 452.5
1769842500 2.02 451.3
1769842560 2.12 450.9
1769842620 2.13 449.9
1769842680 2.02 450.6
1769842740 1.94 450.4
1769842800 1.9 451.9
1769842860 1.72 450.5
1769842920 2.05 451.1
1769843040 3.31 475.2
1769843100 3.31 475.2
1769846580 2.09 455.5
1769846640 2.1 455
1769846700 2.14 449.6
1769846760 2.24 447.3
1769846820 2.25 449.7
1769846880 2.14 444.8
1769846940 2.12 444.2
1769847000 2.16 443.6
1769847060 2.15 446.2
1769847120 1.29 438.1
1769847180 1.48 438.3
1769847240 2.1 443.3
1769847300 2.23 444.2
1769847360 2.21 444.7
1769847420 1.97 443.4
1769847480 1.9 443.7
1769847540 1.52 440.8
1769847600 0.89 429.5
1769847660 2.68 451.8
1769847720 2.07 445.8
1769847780 2.25 446.6
1769847840 2.13 442.1
1769847900 2.08 442
1769847960 2.02 443.1
1769848020 2 442.1
1769848080 1.95 441.3
1769848140 1.97 441.6
1769848200 1.84 441.3
1769848260 1.85 441
1769848320 2.1 441.1
1769848380 2.02 440.8
1769848440 1.95 441.8
1769848500 1.99 442.4
1769848560 2.08 442.5
1769848680 2.12 441.4
1769848740 2.15 443.2
1769848800 1.99 441.2
1769848860 2.12 445
1769848920 2.16 446
1769848980 2.1 443.7
1769849040 2.38 448.6
1769849100 2.61 450.6
1769849160 2.45 446.1
1769849220 2.15 442.8
1769849280 2.26 445.8
1769849340 2.49 447.8
1769849400 1.97 442.9
1769849460 2.09 443.5
1769849520 2.61 449.3
1769849580 2.43 449.1
1769849640 1.74 443.1
1769849700 0.64 426.7
1769849760 2.32 454
1769849820 2.64 451.6
1769849880 2.1 445.4
1769849940 1.34 436.6
1769850000 2 442.4
1769850060 2.25 444.9
1769850120 1.99 443.3
1769850180 1.99 443.4
1769850240 1.97 441.9
1769850300 1.86 441.5
1769850360 1.61 441.9
1769850480 2.7 455.9
1769850540 2.65 448.4
1769850600 2.05 441.5
1769850660 1.98 442.3
1769850720 2.01 442.2
1769850780 2.05 444.6
1769850840 2.01 442.8
1769850900 2 442
1769850960 2.82 450.9
1769851020 2.29 447.4
1769851080 2 442.6
1769851140 2.43 446.4
1769851200 2.7 452.4
1769851260 2.37 446.6
1769851320 2.08 442.4
1769851380 2.15 439.8
1769851440 2.23 441.2
1769851500 2.07 442.8
1769851560 2.16 439.4
1769851620 3.02 452
1769851680 2.27 442.2
1769851740 1.83 437.4
1769851800 2 437.8
1769851860 9.86 414
1769851920 6.75 429.4
1769851980 2.4 444.6
1769852040 2.17 442.1
1769852100 2.1 442.2
1769852160 2.05 443
1769852220 1.62 438.3
1769852280 1.33 437.1
1769852340 2.68 449.8
1769852400 2.46 448.3
1769852460 1.92 441.8
1769852520 2.04 439.2
1769852580 2.49 447.3
1769852640 2.71 450
1769852700 2.39 445.3
1769852760 2.26 443
1769852820 2.11 441.7
1769852880 2.05 441.2
1769852940 2.13 440.8
1769853000 2.11 439.4
1769853060 2.08 438.5
1769853120 2.15 440.2
1769853180 2.28 440.9
1769853240 2.23 437.9
1769853300 2.08 438.1
1769853360 2.05 437.6
1769853420 2.06 437.7
1769853480 2.1 436.5
1769853600 1.91 435.4
1769853660 2.2 438.6
1769853720 2.13 438.2
1769853780 2.07 438.2
1769853840 2.05 436.3
1769853900 2.12 436.6
1769853960 2.11 437.8
1769854020 2.06 437.5
1769854080 2.11 436.8
1769854140 2.11 436.6
1769854200 2.05 437.5
1769854260 2 437
1769854320 1.83 437.1
1769854380 2.08 437.2
1769854440 1.97 437.1
1769854500 2.19 436.5
1769854560 1.97 435.3
1769854620 2.1 434.8
1769854680 2.13 435.2
1769854740 2.58 440.1
1769854800 1.98 435.2
1769854860 1.48 430.7
1769854920 2.96 446.4
1769854980 2.47 441.7
1769855040 1.41 430.6
1769855100 1.16 426.1
1769855160 2.41 438.1
1769855220 2.68 442.9
1769855280 1.92 433.1
1769855340 1.85 432.9
1769855400 2.06 435.5
1769855460 1.94 432.8
1769855520 1.45 428.2
1769855580 2.41 439.7
