2026  1 30  0933   00000  00000     2.23e-08    9.90e-07
2026  1 30  0943   00000  00000     2.02e-08    9.15e-07
2026  1 30  0953   00000  00000     1.67e-08    8.76e-07
2026  1 30  1003   00000  00000     1.75e-08    8.98e-07
2026  1 30  1013   00000  00000     2.45e-08    9.63e-07
2026  1 30  1023   00000  00000     3.21e-08    1.05e-06
2026  1 30  1033   00000  00000     1.17e-07    1.73e-06
2026  1 30  1043   00000  00000     1.29e-07    1.92e-06
2026  1 30  1053   00000  00000     7.30e-08    1.64e-06
2026  1 30  1103   00000  00000     1.96e-08    1.05e-06
2026  1 30  1113   00000  00000     1.09e-08    8.25e-07
2026  1 30  1123   00000  00000     9.31e-09    7.83e-07
2026  1 30  1133   00000  00000     7.54e-09    7.61e-07
2026  1 30  1143   00000  00000     6.28e-09    7.28e-07
2026  1 30  1153   00000  00000     7.99e-09    7.42e-07
2026  1 30  1203   00000  00000     8.99e-09    7.77e-07
2026  1 30  1213   00000  00000     1.04e-08    7.53e-07
2026  1 30  1223   00000  00000     1.61e-08    8.25e-07
2026  1 30  1233   00000  00000     1.69e-08    8.63e-07
2026  1 30  1243   00000  00000     2.00e-08    9.30e-07
2026  1 30  1253   00000  00000     1.96e-08    9.33e-07
2026  1 30  1303   00000  00000     1.27e-08    8.04e-07
2026  1 30  1313   00000  00000     1.47e-08    8.01e-07
2026  1 30  1323   00000  00000     4.77e-08    1.07e-06
2026  1 30  1333   00000  00000     1.19e-07    1.72e-06
2026  1 30  1343   00000  00000     5.53e-08    1.56e-06
2026  1 30  1353   00000  00000     2.04e-08    1.01e-06
2026  1 30  1403   00000  00000     1.80e-08    8.70e-07
2026  1 30  1413   00000  00000     3.49e-08    1.00e-06
2026  1 30  1423   00000  00000     4.00e-08    1.07e-06
2026  1 30  1433   00000  00000     2.56e-08    9.68e-07
2026  1 30  1443   00000  00000     3.56e-08    9.98e-07
2026  1 30  1453   00000  00000     3.38e-08    1.01e-06
2026  1 30  1503   00000  00000     3.86e-08    1.02e-06
2026  1 30  1513   00000  00000     3.47e-08    1.02e-06
2026  1 30  1523   00000  00000     4.13e-08    1.11e-06
2026  1 30  1533   00000  00000     3.81e-08    1.11e-06
2026  1 30  1543   00000  00000     4.17e-08    1.18e-06
2026  1 30  1553   00000  00000     3.33e-08    1.05e-06
2026  1 30  1603   00000  00000     3.12e-08    9.64e-07
2026  1 30  1613   00000  00000     3.75e-08    1.06e-06
2026  1 30  1623   00000  00000     3.62e-08    1.08e-06
2026  1 30  1633   00000  00000     3.92e-08    1.15e-06
2026  1 30  1643   00000  00000     3.56e-08    1.15e-06
2026  1 30  1653   00000  00000     2.68e-08    9.36e-07
2026  1 30  1703   00000  00000     2.74e-08    8.91e-07
2026  1 30  1713   00000  00000     2.87e-08    9.10e-07
2026  1 30  1723   00000  00000     2.90e-08    9.22e-07
2026  1 30  1733   00000  00000     2.89e-08    8.84e-07
2026  1 30  1743   00000  00000     3.49e-08    1.00e-06
2026  1 30  1753   00000  00000     3.47e-08    1.00e-06
2026  1 30  1803   00000  00000     2.93e-08    9.18e-07
2026  1 30  1813   00000  00000     3.32e-08    1.02e-06
2026  1 30  1823   00000  00000     3.24e-08    1.02e-06
2026  1 30  1833   00000  00000     3.65e-08    1.06e-06
2026  1 30  1843   00000  00000     6.98e-08    1.48e-06
2026  1 30  1853   00000  00000     4.82e-08    1.20e-06
2026  1 30  1903   00000  00000     2.71e-08    9.69e-07
2026  1 30  1913   00000  00000     2.64e-08    9.28e-07
2026  1 30  1923   00000  00000     2.77e-08    9.43e-07
2026  1 30  1933   00000  00000     2.60e-08    8.94e-07
2026  1 30  1943   00000  00000     2.20e-08    8.78e-07
2026  1 30  1953   00000  00000     5.22e-08    1.23e-06
2026  1 30  2003   00000  00000     3.22e-08    1.10e-06
2026  1 30  2013   00000  00000     1.74e-08    8.77e-07
2026  1 30  2023   00000  00000     2.19e-08    9.53e-07
2026  1 30  2033   00000  00000     2.37e-08    9.69e-07
2026  1 30  2043   00000  00000     3.02e-08    1.01e-06
2026  1 30  2053   00000  00000     1.32e-08    8.26e-07
2026  1 30  2103   00000  00000     4.05e-08    1.18e-06
2026  1 30  2113   00000  00000     1.47e-08    9.60e-07
2026  1 30  2123   00000  00000     7.25e-09    8.12e-07
2026  1 30  2133   00000  00000     5.52e-09    8.04e-07
2026  1 30  2143   00000  00000     5.34e-09    7.59e-07
2026  1 30  2153   00000  00000     7.07e-09    8.36e-07
2026  1 30  2203   00000  00000     4.68e-09    8.34e-07
2026  1 30  2213   00000  00000     1.93e-08    1.05e-06
2026  1 30  2223   00000  00000     1.25e-08    1.05e-06
2026  1 30  2233   00000  00000     2.23e-09    8.81e-07
2026  1 30  2243   00000  00000     3.86e-09    8.75e-07
2026  1 30  2253   00000  00000     1.63e-09    8.44e-07
2026  1 30  2303   00000  00000     1.00e-09    8.11e-07
2026  1 30  2313   00000  00000     1.00e-09    8.05e-07
2026  1 30  2323   00000  00000     5.60e-09    9.29e-07
2026  1 30  2333   00000  00000     8.43e-09    9.60e-07
2026  1 30  2343   00000  00000     3.40e-08    1.37e-06
2026  1 30  2353   00000  00000     3.51e-08    1.39e-06
2026  1 31  0003   00000  00000     1.14e-08    1.03e-06
2026  1 31  0013   00000  00000     4.05e-08    1.33e-06
2026  1 31  0023   00000  00000     2.74e-08    1.25e-06
2026  1 31  0033   00000  00000     1.08e-08    9.85e-07
2026  1 31  0043   00000  00000     1.81e-08    1.04e-06
2026  1 31  0053   00000  00000     3.83e-08    1.48e-06
2026  1 31  0103   00000  00000     5.60e-08    1.68e-06
2026  1 31  0113   00000  00000     3.34e-08    1.50e-06
2026  1 31  0123   00000  00000     1.78e-08    1.20e-06
2026  1 31  0133   00000  00000     5.47e-08    1.44e-06
2026  1 31  0143   00000  00000     1.46e-07    1.84e-06
2026  1 31  0153   00000  00000     1.60e-07    2.04e-06
2026  1 31  0203   00000  00000     6.21e-08    1.53e-06
2026  1 31  0213   00000  00000     4.23e-08    1.34e-06
2026  1 31  0223   00000  00000     4.49e-08    1.31e-06
2026  1 31  0233   00000  00000     4.32e-08    1.33e-06
2026  1 31  0243   00000  00000     4.59e-08    1.43e-06
2026  1 31  0253   00000  00000     1.33e-07    2.05e-06
2026  1 31  0303   00000  00000     2.84e-07    3.11e-06
2026  1 31  0313   00000  00000     1.37e-07    2.43e-06
2026  1 31  0323   00000  00000     1.57e-07    2.66e-06
2026  1 31  0333   00000  00000     7.97e-08    2.09e-06
2026  1 31  0343   00000  00000     4.34e-08    1.53e-06
2026  1 31  0353   00000  00000     7.53e-08    1.62e-06
2026  1 31  0403   00000  00000     9.80e-08    1.91e-06
2026  1 31  0413   00000  00000     4.58e-08    1.36e-06
2026  1 31  0423   00000  00000     3.96e-08    1.23e-06
2026  1 31  0433   00000  00000     4.43e-07    2.78e-06
2026  1 31  0443   00000  00000     6.30e-07    4.94e-06
2026  1 31  0453   00000  00000     3.53e-07    4.23e-06
2026  1 31  0503   00000  00000     3.71e-07    5.17e-06
2026  1 31  0513   00000  00000     4.31e-07    6.10e-06
2026  1 31  0523   00000  00000     3.73e-07    5.73e-06
2026  1 31  0533   00000  00000     2.71e-07    4.89e-06
2026  1 31  0543   00000  00000     2.03e-07    4.22e-06
2026  1 31  0553   00000  00000     1.87e-07    3.82e-06
2026  1 31  0603   00000  00000     1.48e-07    3.33e-06
2026  1 31  0613   00000  00000     1.51e-07    3.18e-06
2026  1 31  0623   00000  00000     1.72e-07    3.29e-06
2026  1 31  0633   00000  00000     1.34e-07    2.94e-06
2026  1 31  0643   00000  00000     1.04e-07    2.69e-06
2026  1 31  0653   00000  00000     7.93e-08    2.23e-06
2026  1 31  0703   00000  00000     1.17e-07    2.33e-06
2026  1 31  0713   00000  00000     1.92e-07    3.11e-06
2026  1 31  0723   00000  00000     1.36e-07    2.85e-06
2026  1 31  0733   00000  00000     1.01e-07    2.33e-06
2026  1 31  0743   00000  00000     7.12e-08    1.91e-06
2026  1 31  0753   00000  00000     5.15e-08    1.74e-06
2026  1 31  0803   00000  00000     4.13e-08    1.62e-06
2026  1 31  0813   00000  00000     3.80e-08    1.38e-06
2026  1 31  0823   00000  00000     3.49e-08    1.35e-06
2026  1 31  0833   00000  00000     7.17e-08    1.73e-06
2026  1 31  0843   00000  00000     2.02e-07    3.18e-06
2026  1 31  0853   00000  00000     2.48e-07    3.63e-06
2026  1 31  0903   00000  00000     6.62e-08    2.13e-06
2026  1 31  0913   00000  00000     4.01e-08    1.53e-06
2026  1 31  0923   00000  00000     4.56e-08    1.43e-06
2026  1 31  0933   00000  00000     5.74e-08    1.54e-06
2026  1 31  0943   00000  00000     4.55e-08    1.46e-06
2026  1 31  0953   00000  00000     4.07e-08    1.40e-06
2026  1 31  1003   00000  00000     4.31e-08    1.41e-06
2026  1 31  1013   00000  00000     3.43e-08    1.35e-06
2026  1 31  1023   00000  00000     2.98e-08    1.17e-06
